logT,-8.0,-7.5,-7.0,-6.5,-6.0,-5.5,-5.0,-4.5,-4.0,-3.5,-3.0,-2.5,-2.0,-1.5,-1.0,-0.5,0.0,0.5,1.0
3.75,-0.752,-0.911,-1.101,-1.307,-1.517,-1.725,-1.919,-2.078,-2.173,-2.165,-2.046,-1.839,-1.562,-1.223,-0.821,-0.376,0.078,0.511,0.906
3.80,-0.540,-0.577,-0.652,-0.771,-0.920,-1.083,-1.241,-1.371,-1.442,-1.435,-1.344,-1.181,-0.972,-0.727,-0.448,-0.119,0.270,0.708,1.147
3.85,-0.510,-0.503,-0.495,-0.495,-0.512,-0.556,-0.615,-0.666,-0.688,-0.663,-0.586,-0.463,-0.302,-0.112,0.106,0.352,0.638,0.979,1.366
3.90,-0.518,-0.504,-0.477,-0.433,-0.366,-0.273,-0.171,-0.077,0.003,0.080,0.163,0.263,0.384,0.532,0.706,0.906,1.135,1.400,1.705
3.95,-0.524,-0.512,-0.487,-0.439,-0.349,-0.202,0.007,0.261,0.503,0.695,0.837,0.952,1.061,1.179,1.316,1.478,1.666,1.883,2.131
4.00,-0.511,-0.507,-0.492,-0.453,-0.369,-0.213,0.032,0.360,0.725,1.063,1.325,1.514,1.655,1.775,1.895,2.029,2.184,2.363,2.567
4.05,-0.487,-0.481,-0.472,-0.446,-0.380,-0.240,0.003,0.348,0.762,1.188,1.572,1.878,2.098,2.261,2.395,2.521,2.654,2.803,2.970
4.10,-0.467,-0.458,-0.445,-0.419,-0.363,-0.243,-0.026,0.302,0.717,1.172,1.625,2.033,2.359,2.602,2.780,2.924,3.054,3.185,3.325
4.15,-0.449,-0.431,-0.414,-0.388,-0.334,-0.221,-0.021,0.278,0.665,1.113,1.586,2.052,2.470,2.804,3.051,3.233,3.378,3.506,3.631
4.20,-0.447,-0.425,-0.393,-0.354,-0.294,-0.187,0.002,0.285,0.650,1.071,1.532,2.015,2.485,2.898,3.227,3.466,3.643,3.784,3.906
4.25,-0.449,-0.430,-0.399,-0.353,-0.279,-0.158,0.029,0.297,0.646,1.057,1.504,1.978,2.462,2.925,3.325,3.634,3.860,4.031,4.168
4.30,-0.434,-0.418,-0.390,-0.349,-0.280,-0.158,0.042,0.321,0.666,1.070,1.514,1.983,2.459,2.939,3.380,3.753,4.037,4.251,4.419
4.35,-0.416,-0.398,-0.370,-0.329,-0.264,-0.154,0.033,0.313,0.676,1.093,1.542,2.011,2.491,2.968,3.426,3.843,4.184,4.445,4.649
4.40,-0.402,-0.380,-0.348,-0.300,-0.231,-0.125,0.047,0.311,0.671,1.106,1.578,2.063,2.544,3.023,3.489,3.927,4.312,4.618,4.851
4.45,-0.399,-0.373,-0.337,-0.277,-0.190,-0.069,0.106,0.356,0.699,1.126,1.609,2.117,2.615,3.101,3.569,4.019,4.430,4.770,5.033
4.50,-0.380,-0.359,-0.324,-0.261,-0.160,-0.014,0.183,0.441,0.775,1.184,1.655,2.162,2.680,3.183,3.658,4.116,4.540,4.902,5.184
4.55,-0.379,-0.352,-0.317,-0.258,-0.158,0.003,0.231,0.522,0.872,1.280,1.737,2.226,2.741,3.252,3.740,4.205,4.635,5.008,5.293
4.60,-0.382,-0.354,-0.314,-0.249,-0.150,0.010,0.249,0.569,0.952,1.378,1.834,2.308,2.802,3.307,3.801,4.270,4.698,5.068,5.346
4.65,-0.379,-0.356,-0.322,-0.262,-0.161,0.005,0.252,0.582,0.986,1.439,1.910,2.384,2.860,3.347,3.835,4.296,4.715,5.073,5.342
4.70,-0.378,-0.351,-0.319,-0.268,-0.177,-0.018,0.236,0.577,0.989,1.450,1.938,2.424,2.898,3.370,3.840,4.287,4.689,5.029,5.289
4.75,-0.383,-0.351,-0.318,-0.263,-0.179,-0.034,0.208,0.551,0.970,1.434,1.923,2.420,2.905,3.372,3.825,4.253,4.636,4.958,5.213
4.80,-0.377,-0.347,-0.317,-0.267,-0.182,-0.042,0.184,0.511,0.926,1.395,1.888,2.389,2.883,3.355,3.799,4.210,4.573,4.878,5.128
4.85,-0.359,-0.332,-0.300,-0.252,-0.174,-0.040,0.179,0.492,0.889,1.350,1.847,2.353,2.850,3.326,3.770,4.171,4.518,4.807,5.050
4.90,-0.330,-0.306,-0.276,-0.230,-0.154,-0.026,0.182,0.486,0.869,1.312,1.802,2.313,2.817,3.295,3.741,4.140,4.473,4.748,4.977
4.95,-0.283,-0.263,-0.234,-0.190,-0.119,0.003,0.205,0.498,0.870,1.300,1.775,2.280,2.789,3.270,3.715,4.112,4.436,4.694,4.904
5.00,-0.212,-0.202,-0.173,-0.129,-0.060,0.055,0.243,0.522,0.884,1.307,1.771,2.265,2.768,3.250,3.694,4.083,4.397,4.638,4.821
5.05,-0.117,-0.102,-0.074,-0.034,0.032,0.143,0.320,0.577,0.919,1.326,1.781,2.265,2.758,3.235,3.673,4.049,4.346,4.569,4.727
5.10,-0.014,0.013,0.046,0.090,0.152,0.254,0.425,0.667,0.982,1.364,1.799,2.270,2.754,3.223,3.650,4.003,4.277,4.479,4.618
5.15,0.038,0.095,0.156,0.218,0.291,0.399,0.561,0.785,1.073,1.423,1.830,2.280,2.751,3.212,3.622,3.946,4.189,4.370,4.502
5.20,0.057,0.139,0.222,0.314,0.419,0.544,0.710,0.924,1.187,1.507,1.885,2.306,2.752,3.197,3.585,3.874,4.085,4.249,4.378
5.25,0.032,0.128,0.236,0.353,0.489,0.651,0.841,1.062,1.315,1.604,1.949,2.342,2.760,3.179,3.538,3.791,3.971,4.123,4.251
5.30,-0.078,0.018,0.166,0.326,0.493,0.682,0.903,1.145,1.401,1.681,2.003,2.372,2.768,3.156,3.480,3.701,3.856,3.996,4.125
5.35,-0.218,-0.133,0.006,0.188,0.407,0.646,0.897,1.164,1.440,1.722,2.030,2.380,2.759,3.123,3.414,3.607,3.743,3.872,4.004
5.40,-0.337,-0.270,-0.154,0.002,0.216,0.494,0.805,1.117,1.423,1.725,2.032,2.365,2.726,3.072,3.340,3.511,3.635,3.758,3.881
5.45,-0.413,-0.368,-0.290,-0.163,0.022,0.277,0.611,0.984,1.342,1.679,2.007,2.333,2.676,3.006,3.259,3.418,3.533,3.652,3.775
5.50,-0.442,-0.418,-0.370,-0.288,-0.147,0.074,0.389,0.784,1.205,1.597,1.954,2.290,2.622,2.936,3.175,3.326,3.441,3.553,3.679
5.55,-0.453,-0.442,-0.415,-0.361,-0.261,-0.088,0.190,0.578,1.031,1.481,1.885,2.238,2.568,2.868,3.094,3.240,3.357,3.476,3.605
5.60,-0.458,-0.452,-0.436,-0.402,-0.333,-0.198,0.037,0.399,0.865,1.355,1.801,2.181,2.514,2.807,3.021,3.162,3.282,3.402,3.535
5.65,-0.461,-0.456,-0.445,-0.422,-0.376,-0.277,-0.081,0.252,0.715,1.234,1.716,2.123,2.464,2.748,2.954,3.096,3.214,3.334,3.476
5.70,-0.462,-0.457,-0.448,-0.431,-0.397,-0.325,-0.172,0.125,0.578,1.117,1.634,2.066,2.416,2.694,2.893,3.039,3.163,3.290,3.442
5.75,-0.464,-0.459,-0.451,-0.437,-0.409,-0.351,-0.228,0.019,0.441,0.987,1.541,2.004,2.365,2.641,2.838,2.986,3.109,3.232,3.380
5.80,-0.463,-0.459,-0.452,-0.438,-0.414,-0.364,-0.260,-0.048,0.326,0.857,1.433,1.930,2.307,2.585,2.786,2.942,3.067,3.187,3.329
5.85,-0.463,-0.459,-0.452,-0.439,-0.415,-0.370,-0.278,-0.091,0.244,0.740,1.319,1.844,2.242,2.527,2.735,2.901,3.029,3.160,3.310
5.90,-0.462,-0.458,-0.451,-0.439,-0.416,-0.372,-0.286,-0.115,0.190,0.651,1.215,1.754,2.174,2.470,2.688,2.861,2.994,3.126,3.274
5.95,-0.460,-0.456,-0.449,-0.437,-0.415,-0.372,-0.288,-0.127,0.158,0.588,1.127,1.669,2.105,2.417,2.645,2.831,2.968,3.091,3.233
6.00,-0.459,-0.453,-0.445,-0.433,-0.411,-0.368,-0.285,-0.129,0.142,0.547,1.060,1.593,2.042,2.370,2.611,2.807,2.941,3.056,3.204
6.10,-0.460,-0.451,-0.438,-0.421,-0.394,-0.352,-0.274,-0.125,0.135,0.515,0.984,1.484,1.937,2.294,2.560,2.756,2.888,3.003,3.136
6.20,-0.468,-0.462,-0.451,-0.430,-0.393,-0.338,-0.251,-0.107,0.134,0.494,0.948,1.426,1.869,2.234,2.495,2.682,2.785,2.886,3.028
6.30,-0.469,-0.467,-0.463,-0.453,-0.428,-0.372,-0.264,-0.094,0.157,0.502,0.929,1.393,1.819,2.155,2.377,2.529,2.622,2.725,2.868
6.40,-0.470,-0.469,-0.467,-0.461,-0.447,-0.414,-0.333,-0.153,0.145,0.526,0.946,1.371,1.750,2.026,2.204,2.320,2.412,2.530,2.690
6.50,-0.470,-0.470,-0.469,-0.465,-0.455,-0.431,-0.373,-0.238,0.038,0.455,0.905,1.303,1.620,1.843,1.982,2.138,2.246,2.381,2.539
6.60,-0.472,-0.471,-0.471,-0.468,-0.460,-0.443,-0.398,-0.289,-0.064,0.308,0.752,1.137,1.420,1.614,1.754,1.924,2.053,2.211,2.391
6.70,-0.473,-0.472,-0.472,-0.470,-0.465,-0.453,-0.419,-0.333,-0.146,0.170,0.562,0.921,1.185,1.369,1.518,1.717,1.866,2.040,2.239
6.80,-0.474,-0.473,-0.473,-0.471,-0.468,-0.460,-0.437,-0.373,-0.227,0.033,0.370,0.691,0.939,1.126,1.295,1.501,1.679,1.874,2.034
6.90,-0.474,-0.474,-0.474,-0.472,-0.469,-0.462,-0.446,-0.402,-0.296,-0.093,0.189,0.475,0.714,0.916,1.105,1.354,1.545,1.749,1.909
7.00,-0.476,-0.476,-0.476,-0.474,-0.470,-0.462,-0.447,-0.412,-0.333,-0.178,0.055,0.312,0.546,0.754,0.963,1.202,1.396,1.580,1.752
7.10,-0.478,-0.478,-0.478,-0.477,-0.473,-0.466,-0.448,-0.410,-0.338,-0.206,-0.008,0.223,0.442,0.635,0.832,1.062,1.252,1.436,1.569
7.20,-0.481,-0.481,-0.481,-0.480,-0.478,-0.472,-0.456,-0.418,-0.339,-0.208,-0.025,0.182,0.365,0.517,0.699,0.898,1.078,1.262
7.30,-0.484,-0.484,-0.483,-0.483,-0.482,-0.478,-0.467,-0.436,-0.365,-0.237,-0.060,0.121,0.263,0.384,0.539,0.722,0.920
7.40,-0.487,-0.487,-0.487,-0.487,-0.486,-0.483,-0.476,-0.456,-0.404,-0.299,-0.147,0.009,0.127,0.238,0.376,0.581,0.782
7.50,-0.491,-0.491,-0.491,-0.491,-0.491,-0.489,-0.485,-0.471,-0.437,-0.363,-0.249,-0.124,-0.011,0.093,0.234,0.470
7.60,-0.497,-0.497,-0.497,-0.497,-0.496,-0.495,-0.492,-0.484,-0.461,-0.412,-0.333,-0.235,-0.131,-0.031,0.124,0.374
7.70,-0.503,-0.503,-0.503,-0.503,-0.503,-0.502,-0.500,-0.494,-0.479,-0.447,-0.392,-0.317,-0.230,-0.127,0.002,0.312
7.80,-0.512,-0.512,-0.512,-0.511,-0.511,-0.511,-0.509,-0.505,-0.495,-0.473,-0.434,-0.379,-0.306,-0.228,-0.072,0.290
7.90,-0.522,-0.522,-0.522,-0.522,-0.521,-0.521,-0.520,-0.517,-0.510,-0.495,-0.467,-0.429,-0.374,-0.316,-0.141
8.00,-0.534,-0.534,-0.534,-0.534,-0.534,-0.534,-0.533,-0.531,-0.526,-0.516,-0.498,-0.475,-0.441,-0.426,-0.202
8.10,-0.554,-0.554,-0.554,-0.554,-0.553,-0.553,-0.554,-0.552,-0.548,-0.541,-0.530,-0.519,-0.500,-0.503,-0.310
8.30,-0.607,-0.607,-0.607,-0.608,-0.607,-0.607,-0.607,-0.605,-0.604,-0.603,-0.604,-0.615,-0.624,-0.667,-0.554
8.50,-0.678,-0.678,-0.678,-0.678,-0.677,-0.677,-0.677,-0.676,-0.677,-0.681,-0.693,-0.723,-0.751,-0.905,-1.146
8.70,-0.556,-0.727,-0.759,-0.763,-0.762,-0.762,-0.762,-0.762,-0.765,-0.772,-0.796,-0.848,-0.923,-1.048
,