logT,-8.0,-7.5,-7.0,-6.5,-6.0,-5.5,-5.0,-4.5,-4.0,-3.5,-3.0,-2.5,-2.0,-1.5,-1.0,-0.5,0.0,0.5,1.0
3.75,-0.867,-1.016,-1.200,-1.405,-1.617,-1.830,-2.035,-2.215,-2.345,-2.389,-2.325,-2.176,-1.968,-1.719,-1.436,-1.108,-0.733,-0.320,0.098
3.80,-0.694,-0.723,-0.786,-0.892,-1.035,-1.197,-1.360,-1.506,-1.606,-1.635,-1.584,-1.457,-1.280,-1.073,-0.844,-0.595,-0.316,0.001,0.361
3.85,-0.675,-0.670,-0.662,-0.659,-0.669,-0.705,-0.762,-0.822,-0.861,-0.860,-0.810,-0.712,-0.574,-0.405,-0.214,-0.003,0.228,0.486,0.773
3.90,-0.681,-0.672,-0.654,-0.620,-0.562,-0.475,-0.373,-0.275,-0.194,-0.123,-0.050,0.035,0.138,0.266,0.417,0.592,0.788,1.009,1.253
3.95,-0.681,-0.676,-0.661,-0.628,-0.560,-0.435,-0.244,0.002,0.254,0.462,0.613,0.727,0.827,0.929,1.045,1.181,1.340,1.524,1.732
4.00,-0.632,-0.650,-0.654,-0.634,-0.577,-0.454,-0.244,0.057,0.419,0.773,1.059,1.265,1.410,1.523,1.628,1.738,1.865,2.014,2.186
4.05,-0.590,-0.592,-0.598,-0.598,-0.569,-0.472,-0.277,0.027,0.419,0.845,1.248,1.580,1.819,1.987,2.114,2.225,2.336,2.458,2.598
4.10,-0.574,-0.569,-0.562,-0.547,-0.514,-0.438,-0.282,-0.015,0.359,0.798,1.254,1.680,2.033,2.296,2.482,2.620,2.736,2.848,2.967
4.15,-0.565,-0.552,-0.540,-0.522,-0.482,-0.395,-0.236,0.005,0.329,0.735,1.189,1.657,2.096,2.461,2.732,2.925,3.069,3.186,3.298
4.20,-0.565,-0.550,-0.529,-0.500,-0.456,-0.372,-0.214,0.033,0.357,0.731,1.147,1.608,2.081,2.519,2.884,3.151,3.342,3.486,3.605
4.25,-0.566,-0.553,-0.532,-0.501,-0.450,-0.359,-0.206,0.031,0.355,0.745,1.163,1.600,2.058,2.527,2.960,3.307,3.562,3.750,3.894
4.30,-0.557,-0.547,-0.528,-0.498,-0.449,-0.361,-0.206,0.032,0.352,0.747,1.186,1.640,2.087,2.551,3.008,3.416,3.739,3.977,4.161
4.35,-0.541,-0.534,-0.516,-0.486,-0.437,-0.356,-0.212,0.019,0.344,0.748,1.199,1.671,2.147,2.614,3.070,3.508,3.885,4.175,4.398
4.40,-0.504,-0.505,-0.496,-0.466,-0.414,-0.333,-0.199,0.018,0.337,0.750,1.218,1.709,2.203,2.691,3.164,3.612,4.019,4.354,4.608
4.45,-0.485,-0.473,-0.461,-0.433,-0.379,-0.291,-0.154,0.056,0.364,0.770,1.243,1.753,2.263,2.774,3.266,3.732,4.157,4.518,4.802
4.50,-0.472,-0.459,-0.436,-0.392,-0.318,-0.212,-0.066,0.142,0.438,0.829,1.293,1.800,2.325,2.852,3.361,3.851,4.294,4.671,4.972
4.55,-0.472,-0.457,-0.435,-0.391,-0.309,-0.171,0.022,0.259,0.555,0.930,1.376,1.867,2.390,2.923,3.446,3.953,4.414,4.806,5.113
4.60,-0.473,-0.457,-0.434,-0.389,-0.311,-0.171,0.051,0.349,0.691,1.068,1.492,1.961,2.465,2.989,3.515,4.029,4.501,4.902,5.206
4.65,-0.472,-0.459,-0.438,-0.399,-0.325,-0.188,0.037,0.357,0.756,1.187,1.620,2.067,2.545,3.047,3.562,4.071,4.543,4.945,5.248
4.70,-0.471,-0.456,-0.437,-0.404,-0.339,-0.214,0.004,0.325,0.734,1.199,1.681,2.149,2.612,3.090,3.584,4.077,4.540,4.937,5.237
4.75,-0.473,-0.456,-0.437,-0.402,-0.344,-0.234,-0.035,0.275,0.680,1.145,1.643,2.148,2.635,3.107,3.580,4.054,4.502,4.891,5.194
4.80,-0.469,-0.452,-0.435,-0.405,-0.350,-0.247,-0.066,0.220,0.608,1.068,1.564,2.078,2.592,3.085,3.556,4.013,4.447,4.829,5.135
4.85,-0.458,-0.443,-0.423,-0.393,-0.343,-0.251,-0.081,0.186,0.551,0.996,1.489,2.004,2.522,3.032,3.517,3.972,4.396,4.770,5.077
4.90,-0.442,-0.428,-0.409,-0.379,-0.329,-0.243,-0.088,0.163,0.511,0.939,1.423,1.940,2.462,2.978,3.473,3.937,4.357,4.725,5.027
4.95,-0.417,-0.405,-0.384,-0.354,-0.305,-0.220,-0.071,0.166,0.500,0.915,1.389,1.900,2.426,2.943,3.442,3.912,4.331,4.691,4.977
5.00,-0.375,-0.369,-0.350,-0.319,-0.269,-0.186,-0.043,0.182,0.504,0.911,1.379,1.886,2.409,2.927,3.427,3.897,4.314,4.661,4.920
5.05,-0.314,-0.304,-0.285,-0.258,-0.211,-0.128,0.010,0.226,0.533,0.928,1.389,1.891,2.410,2.926,3.423,3.885,4.292,4.618,4.843
5.10,-0.244,-0.226,-0.205,-0.174,-0.130,-0.053,0.083,0.293,0.587,0.967,1.414,1.908,2.422,2.931,3.416,3.862,4.249,4.548,4.739
5.15,-0.213,-0.174,-0.132,-0.085,-0.032,0.048,0.178,0.379,0.660,1.020,1.450,1.930,2.433,2.929,3.391,3.808,4.167,4.439,4.619
5.20,-0.204,-0.152,-0.095,-0.029,0.051,0.150,0.286,0.480,0.745,1.087,1.498,1.958,2.440,2.911,3.336,3.714,4.044,4.302,4.483
5.25,-0.232,-0.171,-0.099,-0.017,0.083,0.211,0.374,0.577,0.833,1.151,1.538,1.977,2.435,2.872,3.251,3.588,3.893,4.146,4.335
5.30,-0.315,-0.250,-0.156,-0.051,0.066,0.210,0.397,0.624,0.885,1.192,1.558,1.975,2.408,2.808,3.145,3.445,3.731,3.986,4.184
5.35,-0.393,-0.340,-0.258,-0.147,-0.006,0.163,0.367,0.614,0.894,1.204,1.553,1.948,2.357,2.725,3.029,3.300,3.572,3.826,4.037
5.40,-0.457,-0.418,-0.354,-0.261,-0.131,0.051,0.282,0.554,0.858,1.182,1.528,1.902,2.286,2.630,2.910,3.161,3.421,3.673,3.879
5.45,-0.494,-0.471,-0.430,-0.359,-0.247,-0.085,0.144,0.441,0.776,1.126,1.484,1.847,2.209,2.532,2.794,3.030,3.282,3.532,3.739
5.50,-0.506,-0.495,-0.472,-0.429,-0.349,-0.213,0.000,0.297,0.663,1.048,1.424,1.787,2.133,2.437,2.684,2.911,3.154,3.408,3.615
5.55,-0.514,-0.508,-0.494,-0.468,-0.415,-0.315,-0.133,0.155,0.535,0.955,1.358,1.725,2.060,2.350,2.584,2.804,3.040,3.276,3.482
5.60,-0.515,-0.512,-0.505,-0.488,-0.453,-0.381,-0.237,0.020,0.404,0.851,1.284,1.662,1.990,2.269,2.495,2.709,2.942,3.174,3.381
5.65,-0.517,-0.515,-0.509,-0.498,-0.474,-0.423,-0.313,-0.095,0.267,0.734,1.198,1.597,1.924,2.194,2.416,2.626,2.855,3.081,3.291
5.70,-0.518,-0.516,-0.511,-0.502,-0.485,-0.447,-0.365,-0.189,0.137,0.601,1.099,1.524,1.859,2.126,2.346,2.556,2.774,2.994,3.208
5.75,-0.521,-0.518,-0.513,-0.506,-0.491,-0.461,-0.396,-0.257,0.020,0.463,0.981,1.439,1.790,2.061,2.282,2.492,2.705,2.916,3.128
5.80,-0.520,-0.518,-0.515,-0.508,-0.494,-0.469,-0.415,-0.298,-0.065,0.337,0.855,1.343,1.715,1.994,2.222,2.434,2.643,2.849,3.055
5.85,-0.519,-0.518,-0.515,-0.509,-0.497,-0.473,-0.425,-0.325,-0.123,0.237,0.737,1.241,1.637,1.928,2.164,2.380,2.585,2.789,2.997
5.90,-0.519,-0.517,-0.515,-0.509,-0.499,-0.477,-0.433,-0.342,-0.161,0.165,0.638,1.143,1.559,1.866,2.111,2.330,2.541,2.739,2.944
5.95,-0.518,-0.516,-0.513,-0.508,-0.498,-0.479,-0.438,-0.353,-0.186,0.113,0.559,1.059,1.488,1.810,2.064,2.289,2.496,2.682,2.880
6.00,-0.516,-0.513,-0.509,-0.504,-0.495,-0.476,-0.439,-0.360,-0.202,0.079,0.499,0.987,1.425,1.762,2.028,2.254,2.449,2.621,2.824
6.10,-0.519,-0.513,-0.505,-0.495,-0.482,-0.462,-0.427,-0.359,-0.220,0.038,0.425,0.886,1.326,1.688,1.971,2.179,2.346,2.512,2.717
6.20,-0.522,-0.520,-0.516,-0.505,-0.485,-0.452,-0.406,-0.333,-0.208,0.020,0.383,0.827,1.261,1.624,1.885,2.071,2.206,2.367,2.595
6.30,-0.524,-0.523,-0.521,-0.517,-0.507,-0.483,-0.429,-0.330,-0.179,0.046,0.379,0.795,1.203,1.528,1.743,1.896,2.028,2.209,2.454
6.40,-0.525,-0.524,-0.523,-0.521,-0.516,-0.504,-0.473,-0.393,-0.222,0.049,0.393,0.772,1.121,1.378,1.554,1.690,1.838,2.050,2.309
6.50,-0.525,-0.525,-0.524,-0.523,-0.519,-0.512,-0.492,-0.440,-0.312,-0.052,0.314,0.675,0.969,1.182,1.336,1.512,1.692,1.930,2.193
6.60,-0.526,-0.526,-0.525,-0.524,-0.522,-0.517,-0.502,-0.464,-0.371,-0.170,0.153,0.493,0.763,0.960,1.121,1.327,1.542,1.804,2.074
6.70,-0.527,-0.527,-0.527,-0.526,-0.524,-0.520,-0.510,-0.483,-0.412,-0.258,0.000,0.298,0.547,0.738,0.915,1.153,1.398,1.675,1.950
6.80,-0.528,-0.527,-0.527,-0.527,-0.525,-0.523,-0.516,-0.496,-0.445,-0.331,-0.131,0.117,0.342,0.533,0.732,0.988,1.258,1.548,1.804
6.90,-0.529,-0.529,-0.528,-0.527,-0.526,-0.524,-0.519,-0.504,-0.468,-0.385,-0.234,-0.034,0.168,0.366,0.587,0.874,1.153,1.439,1.676
7.00,-0.530,-0.530,-0.530,-0.529,-0.528,-0.525,-0.519,-0.506,-0.477,-0.414,-0.299,-0.136,0.049,0.248,0.481,0.764,1.043,1.310,1.536
7.10,-0.532,-0.532,-0.532,-0.532,-0.530,-0.528,-0.522,-0.507,-0.476,-0.420,-0.324,-0.186,-0.019,0.167,0.385,0.660,0.930,1.187,1.366
7.20,-0.535,-0.535,-0.535,-0.534,-0.534,-0.532,-0.527,-0.514,-0.482,-0.423,-0.332,-0.208,-0.066,0.088,0.288,0.545,0.803,1.042
7.30,-0.538,-0.538,-0.537,-0.537,-0.537,-0.536,-0.532,-0.523,-0.498,-0.444,-0.356,-0.244,-0.127,0.001,0.184,0.431,0.691
7.40,-0.541,-0.541,-0.541,-0.541,-0.541,-0.540,-0.538,-0.531,-0.513,-0.473,-0.400,-0.304,-0.205,-0.089,0.083,0.327,0.575
7.50,-0.545,-0.545,-0.545,-0.545,-0.545,-0.544,-0.543,-0.538,-0.526,-0.498,-0.445,-0.370,-0.282,-0.173,-0.010,0.242
7.60,-0.551,-0.551,-0.551,-0.551,-0.551,-0.550,-0.549,-0.546,-0.537,-0.518,-0.480,-0.422,-0.345,-0.247,-0.088,0.151
7.70,-0.557,-0.557,-0.557,-0.557,-0.557,-0.557,-0.556,-0.554,-0.547,-0.533,-0.506,-0.461,-0.401,-0.310,-0.186,0.077
7.80,-0.565,-0.565,-0.565,-0.565,-0.565,-0.565,-0.564,-0.563,-0.558,-0.548,-0.527,-0.495,-0.447,-0.382,-0.252,0.066
7.90,-0.575,-0.575,-0.575,-0.575,-0.575,-0.575,-0.575,-0.573,-0.570,-0.562,-0.548,-0.526,-0.496,-0.450,-0.323
8.00,-0.588,-0.588,-0.588,-0.588,-0.588,-0.588,-0.587,-0.586,-0.584,-0.579,-0.570,-0.561,-0.544,-0.549,-0.405
8.10,-0.608,-0.608,-0.608,-0.608,-0.608,-0.608,-0.607,-0.606,-0.605,-0.601,-0.597,-0.597,-0.593,-0.616,-0.499
8.30,-0.661,-0.661,-0.661,-0.661,-0.661,-0.662,-0.661,-0.660,-0.660,-0.659,-0.664,-0.683,-0.707,-0.766,-0.711
8.50,-0.731,-0.731,-0.732,-0.732,-0.732,-0.732,-0.731,-0.730,-0.732,-0.735,-0.750,-0.786,-0.831,-0.963,-1.234
8.70,-0.579,-0.775,-0.812,-0.817,-0.817,-0.817,-0.816,-0.815,-0.818,-0.826,-0.850,-0.906,-0.985,-1.116